$ANSIBLE_VAULT;1.1;AES256
36613636373262623932656632613232616661373461336164323435626261623861303264373264
6535363665356236306539666335643562313337653431350a616637626161323965663739353366
66303566616163656438393439363563363132636333376633626337666632333830346533653439
3763346136646635630a626537333666616638653236346334393331643562653466653235343737
30613133353763373038613331616639343036663961383665323137613437313936343534363366
38633165373834623637393434353961353637633430643030323435313637663865636330623134
32353132396464623266356139626534643635613637666464663036333837313164323733393436
33623031353163393234666536376565353763366364326138623864656664386632356563643032
62636462333662303161633331323966303339366364323239376334303937646434326431306639
35323235346461313236643335353866613663636439666235323236323037633135636165323333
32343563323365663233633164643065393539393334663737646466653663376536366136623331
65383965336461383362333436366336353062333031373934626435313437656266366366306536
37663335396464363861643132663030623430623765633931666362653763653635346366653364
62373135613432356339623965623337313165626539363364373039326565636166633238633439
36663364653233306431356266313936613530656237333165626166373930646638666434643631
65623931373962353964643532653664316632393830373235656164623036333034363764386531
37633636613266366639343936646661363861386161303933396438303963643233323432356638
35613661613766316339326435366366656631666230623734613931316439383463633532623232
64303537653437623434663362383135303932323861646232613230383464636333663033313662
66326532386338643865663561656434653766363162303434633661633063313166313039643964
33303632353863313061363432353862663062323331353864633331316166353633616665643564
30616237616365323835646231303831656263393639613537383966653234333164626232346264
66626231613230656163316336393437313832643561336131323233306136626330396564376237
38616363633335633362656131663963366234646230633935656261356462666535383139333431
65626363383464393030383437633630616539663961303836336134626466646231623161373732
33653866323035326563343863306631363532626233636465666535643330616132653936343166
64383631656634393730383466363936653238333366613839313936333437353664623265653035
32313962323962613237386631383765646465336430393935613966323462353133653132353935
31313737336164623162633235376263363534326566343632663630633438373364326432326433
61653536306632336361353435643262643339343565363432643963313039363130346365363731
31633939636365393264326439333666616335316435623363383936363837643032353832353132
37323839653664323364363830623664643933626561633538653662313663646664623035376464
64393538623361666535336236343034336466643937313562373537633433666466613032623337
30323934346262383835396363336663636465333834313564653065626333363437613365653166
37336439653762656334323861376431613232353064396261616133616662643663613165303733
35663065346563616137663534636238343439343630326362303439383239373731333162623865
63343234393062663738326261383031313539366564346238646466326664613437663463353736
63356533323664336164623332363038383162316536323065623739303630366433353863646239
61623637393163643730323232643236353262346234363662313362353637636432643561306339
35306137346363316161363732313466653134666536666333623865366363323566636531313732
33373861333037663938663365356562303265313938386162346630633462656430323131636365
36363964633431373161656132303865613736653438346437626439346432356336366135363765
37336364316337353235356430393464613535646235393161663564396662333837376434383438
32363932633133636366613831326639386639313363336665353537313234343332346663326638
65656139636536303230623838306266323931363766313530363034396234653134326366336563
35613262636437623464343563633134643865386139626635646136393766633633623363316230
37303435636439633066646462366431393739626638613032396530663861643234323466633031
61306461346662636365626263303336333331363430383439373064343163666231336331663865
37343936306235336633663831656666363436323666376531333637616536663931343332316431
66613466633232616631626330313138376265326136326334356431336666623765366533623535
39633639373536373235643938393630353064653735376439383033323236336130663066323261
61346336643033623262303764326263666162396433626639353430633039383531343733343164
66343061333463383365333261613032343435323332306563306139323732656530303165663237
30653763366361316132383534313664356261313536386263643331613133316539633262346130
64343265346665376430626639323965346634363035316365633364643434396462343462313936
38353931363965323130353334643435623765383635623134336466356239643632643736343665
30336534633835663462336535306264366263373066393663303065653162346638366461363964
61656636316165323563386131316438323231653665313665373030333964646663316634346632
62396662656564356165316364636135656537313463383736303065386163353264333438323633
30383861383338386333613836323563663335623736323536623563623766663137306366333465
33383034663130323836393466323465376338353030323337656563346637633935363138646536
39663339663530666537396230333431326366366131363561643039636635383836353530646534
31326562653033316139323838643362306661393839346264303333636265316362343333623234
66356238636339393364373764333830396130623566636132383363386331663735663234386634
61313666303731663165313265306435356533353563393631326139313231386435666164373161
32326430613435663934333736333164616138396634323637346562333365303632353237653461
37643233373534353532336136393764373466613731616566626239626337633064313933306264
66623863653562336138346633336130393835663030643337613765613839636665393166653635
36326334313437623038393935316466363931336362386237313237323434323331626631613064
38313963626137366632643465633162626233386437346531653436653066616532663830633565
37353732313763303931656261666332643062323836303361393066383936326635303766396431
62376363303835376330343066623639613263646235343966346565636237633166353032353438
34383666353031303361363735303136306231323939393239623432653936353738656666636463
62323635346663643465316538633162386436643738383631393662333231373665626662363332
65646166646430616162346235623864353863393064383761616231356432626337623331333735
35313462383839626465616361326130323063633230306434333566366431383236626266653433
35393863313362633431306630313863363463353331616261386339326464333131303633366466
63653438393263613338313464653562383532623131306463393530653964613463663632613763
37313531303361366138306536396465666536666661343465616661343831386330343164613363
64313431633638373831643239613332333233653364313730613564343530303266336465323433
63343836663235316663343765373765323962303063383434663364353436306533613934386164
30313837656263326238626638366664383538313238633432623533356137316437356366346333
66313737626134613332616334333265656638656636393634303530303666643438643165623437
31613931613531363136386339393461326335363466323332643565643138383633343835383333
64346362613333326530666261343161323762393533343962336561306465656466366131643634
38373439336664373531353362363465326337633838313465616636313061303065313562303631
31376463393635633134373331313836636538353239303039346432323166636365303637353866
65633265353638353733646165613235643731333962613734323035616334376133393466316638
38306233633730616534356431636165366261313864316231343764636338383865613265613239
32663336366235373836316339333134613166643061396634326134303164646662653435356364
33623836353933323163616336376233336661353538303165356632633763356531343639653439
39383262666336623831303362343961343432396564303834663032633239653439333431623566
61353034646233376534333664313266613235333864383439376466353731326539383261666433
36643333363965636262393938613036346536323664393461363063326237393236353031653531
31363062333661356338633063383732623765373937653532303239356363353535343436333032
34646266333266376165663664383265666463616563643035653530636464323566363835616134
64626634333162373134333935616333346461376633636365626464656536356363373466643462
36303663376336393838326336623866363236373062333364613333336234373137363162623166
39336132663761626439306465663436323561623165343538303237643634363231336337393761
65343266643431623366633937376239333066623265363462383762343866656566383863663930
38326533326537623765346566353234323865666439396234633765353565653234313634346435
36303961616139613335393435343434386564306535633464353862343463316665383266316631
39643062636134336536633736353332623661326564666263333838386432383561646532656439
30636163613761396166666635636363653435336131306263623064366239313639336431383065
37353066306537336330653436303739643536613132396533633535346462303338643636653830
36653261663730643739316235326163303336393865616436353861613139613665353139666566
66376166336430643630303537653439313739643233363162316565616663346564633263666663
65346562373033333535616636386432336332336637366430656530333762383632313962313662
62396539663231353933643366613533303331653038656462623435613564623837633539623437
30366238663731306263653164316535333039633238373763643038346633366665313733666336
34663963613764323135376332356238643039373635386364303466363839623261643535363135
62313131363235303266393635303531383064366166313630316263306435373166643437616663
61623531323763333235336665646235343365646630653538653034663762316665663263303139
39313230303339653935336533343336613265363065623836343538326264303262646532613337
62323732613435386335643339363633333031333763656539623666636163373766643064386162
31306237376563383766313938353663356233666337366530613834663338663437656331643565
39666639366663636634643763326535346534373039363631386461333262363138393430626330
61613937623466333863316538356336383536636336303263363732353337306335363236343235
37336631666165336561363032353438353937393061633631363237363538633239326132316264
34623562666635656438353162613964353336323235656136393435376666383730333030666161
38376561363031633130363463663935346637336165623863656561303961666161383663623734
38666135363662636639643333383061646334353365356530616665636631626436363766663164
66666630373031336437373361366634633832623132383362356664643662366266643161666133
33613635396464393266323064653937613064643061376639306263323164346464613866356264
31316363383762633738353639346432353434336461326637363364396430383736616337633838
66636439346662396661333633303638623230333230303233356131346536363834383363663237
33363731656538633430386132396438333264626261353665343232656365306663303830363666
31376661313336633664653030373636653034663535333661666663306637386431366163376436
34666666666635343462356638306436366235633966343133333039656132363533326463343064
36626431363966663539313432376134313431626430353639646338353932633238633066376661
65303335396235376661623531626532643136666530323530366365613165336137363266383533
61643130393433636134303063623032353037303562643661626535663861336562323930303365
37396238623565616638303437393231383034663431656239633134666532656139393337666566
64356565343666333833613034313939393935333831316264353132313466303864653461616430
366237663961646638663130393962623266
